# FIR bandpass 3.0-25.0 Hz, fs=500.0 Hz, 255 taps, Blackman, linear phase
# group delay 127 samples = 254 ms
# reference-conditioning filter - NOT an ANC control filter, see README
-6.283582701951e-20
2.714579998831e-07
1.123127517324e-06
2.486909435229e-06
4.133998271023e-06
5.713101016130e-06
6.822959340794e-06
7.108345186831e-06
6.363634335063e-06
4.625156955492e-06
2.233356525718e-06
-1.514066937939e-07
-1.589956029129e-06
-9.649893706630e-07
2.865137420465e-06
1.087535231324e-05
2.366948494612e-05
4.129216767227e-05
6.308871900885e-05
8.764251551017e-05
1.128126579420e-04
1.358838901415e-04
1.538266914993e-04
1.636497334142e-04
1.628113688178e-04
1.496436195252e-04
1.237333020615e-04
8.620223567037e-05
3.983307386348e-05
-1.100043863743e-05
-6.062063298086e-05
-1.025474777766e-04
-1.301835587502e-04
-1.376236482800e-04
-1.205058288240e-04
-7.680410343332e-05
-7.455643937134e-06
8.327853815699e-05
1.878017738996e-04
2.955694611878e-04
3.938850878612e-04
4.690648903664e-04
5.078816954529e-04
4.991532310849e-04
4.353055033608e-04
3.137231882796e-04
1.377005455734e-04
-8.316966503598e-05
-3.332856300014e-04
-5.920552355047e-04
-8.356159324035e-04
-1.039142447766e-03
-1.179547436454e-03
-1.238311922114e-03
-1.204137000082e-03
-1.075093562263e-03
-8.599677898870e-04
-5.785582400765e-04
-2.607727528316e-04
5.550691202305e-05
3.276887408033e-04
5.126199278848e-04
5.712541658566e-04
4.733720116748e-04
2.018353124848e-04
-2.441447290597e-04
-8.471894859651e-04
-1.571734251754e-03
-2.365994066947e-03
-3.165898235001e-03
-3.900759327076e-03
-4.500229162406e-03
-4.901910142669e-03
-5.058858418285e-03
-4.946154912855e-03
-4.565744251389e-03
-3.948854970661e-03
-3.155512487488e-03
-2.270924958068e-03
-1.398838295923e-03
-6.522900833997e-04
-1.425084344792e-04
3.303435805253e-05
-1.977751017885e-04
-8.716875474272e-04
-1.982882891538e-03
-3.479563116797e-03
-5.265039447564e-03
-7.203596794395e-03
-9.130945557114e-03
-1.086857981259e-02
-1.224090130798e-02
-1.309359037753e-02
-1.331145280417e-02
-1.283388072206e-02
-1.166615667484e-02
-9.885106447134e-03
-7.638053158905e-03
-5.134609002101e-03
-2.631512638698e-03
-4.114185675914e-04
1.242797721645e-03
2.076105567766e-03
1.889261792558e-03
5.639708523050e-04
-1.917317825186e-03
-5.459226216665e-03
-9.850566793606e-03
-1.477170024941e-02
-1.981218523614e-02
-2.449783842732e-02
-2.832542103681e-02
-3.080238445775e-02
-3.148852099846e-02
-3.003603827118e-02
-2.622454802013e-02
-1.998774577446e-02
-1.142914159398e-02
-8.250410569942e-04
1.138599863707e-02
2.462688723924e-02
3.821741807486e-02
5.141887946914e-02
6.348452466005e-02
7.371200221414e-02
8.149361306884e-02
8.636037577113e-02
8.801634229798e-02
8.636037577113e-02
8.149361306884e-02
7.371200221414e-02
6.348452466005e-02
5.141887946914e-02
3.821741807486e-02
2.462688723924e-02
1.138599863707e-02
-8.250410569942e-04
-1.142914159398e-02
-1.998774577446e-02
-2.622454802013e-02
-3.003603827118e-02
-3.148852099846e-02
-3.080238445775e-02
-2.832542103681e-02
-2.449783842732e-02
-1.981218523614e-02
-1.477170024941e-02
-9.850566793606e-03
-5.459226216665e-03
-1.917317825186e-03
5.639708523050e-04
1.889261792558e-03
2.076105567766e-03
1.242797721645e-03
-4.114185675914e-04
-2.631512638698e-03
-5.134609002101e-03
-7.638053158905e-03
-9.885106447134e-03
-1.166615667484e-02
-1.283388072206e-02
-1.331145280417e-02
-1.309359037753e-02
-1.224090130798e-02
-1.086857981259e-02
-9.130945557114e-03
-7.203596794395e-03
-5.265039447564e-03
-3.479563116797e-03
-1.982882891538e-03
-8.716875474272e-04
-1.977751017885e-04
3.303435805253e-05
-1.425084344792e-04
-6.522900833997e-04
-1.398838295923e-03
-2.270924958068e-03
-3.155512487488e-03
-3.948854970661e-03
-4.565744251389e-03
-4.946154912855e-03
-5.058858418285e-03
-4.901910142669e-03
-4.500229162406e-03
-3.900759327076e-03
-3.165898235001e-03
-2.365994066947e-03
-1.571734251754e-03
-8.471894859651e-04
-2.441447290597e-04
2.018353124848e-04
4.733720116748e-04
5.712541658566e-04
5.126199278848e-04
3.276887408033e-04
5.550691202305e-05
-2.607727528316e-04
-5.785582400765e-04
-8.599677898870e-04
-1.075093562263e-03
-1.204137000082e-03
-1.238311922114e-03
-1.179547436454e-03
-1.039142447766e-03
-8.356159324035e-04
-5.920552355047e-04
-3.332856300014e-04
-8.316966503598e-05
1.377005455734e-04
3.137231882796e-04
4.353055033608e-04
4.991532310849e-04
5.078816954529e-04
4.690648903664e-04
3.938850878612e-04
2.955694611878e-04
1.878017738996e-04
8.327853815699e-05
-7.455643937134e-06
-7.680410343332e-05
-1.205058288240e-04
-1.376236482800e-04
-1.301835587502e-04
-1.025474777766e-04
-6.062063298086e-05
-1.100043863743e-05
3.983307386348e-05
8.620223567037e-05
1.237333020615e-04
1.496436195252e-04
1.628113688178e-04
1.636497334142e-04
1.538266914993e-04
1.358838901415e-04
1.128126579420e-04
8.764251551017e-05
6.308871900885e-05
4.129216767227e-05
2.366948494612e-05
1.087535231324e-05
2.865137420465e-06
-9.649893706630e-07
-1.589956029129e-06
-1.514066937939e-07
2.233356525718e-06
4.625156955492e-06
6.363634335063e-06
7.108345186831e-06
6.822959340794e-06
5.713101016130e-06
4.133998271023e-06
2.486909435229e-06
1.123127517324e-06
2.714579998831e-07
-6.283582701951e-20
